 a=(1 0
 2 0
 3 0
 4 0
 5 0
 6 0
 7 2.3999999999999999
 8 2.8999999999999999
 9 5.2999999999999998
 10 11.5
 11 16.800000000000001
 12 19.699999999999999
 13 21.100000000000001
 14 24.5
 15 26.899999999999999
 16 28.300000000000001
 17 28.300000000000001
 18 27.899999999999999
 19 27.899999999999999
 20 29.800000000000001
 21 31.199999999999999
 22 32.200000000000003
 23 32.700000000000003
 24 33.100000000000001
 25 36
 26 40.299999999999997
 27 40.799999999999997
 28 40.299999999999997
 29 37.899999999999999
 30 36.5
 31 34.100000000000001
 32 30.699999999999999
 33 24.5
 34 15.800000000000001
 35 8.5999999999999996
 36 4.2999999999999998
 37 1.3999999999999999
 38 0.5
 39 0
 40 0
 41 0
 42 0
 43 0
 44 0.5
 45 5.7999999999999998
 46 12.5
 47 18.300000000000001
 48 21.100000000000001
 49 25
 50 29.300000000000001
 51 35.5
 52 40.799999999999997
 53 44.700000000000003
 54 45.600000000000001
 55 46.100000000000001
 56 48
 57 48
 58 47.5
 59 49.5
 60 50
 61 51.899999999999999
 62 53.299999999999997
 63 54.799999999999997
 64 57.600000000000001
 65 56.200000000000003
 66 55.200000000000003
 67 53.799999999999997
 68 52.799999999999997
 69 50.899999999999999
 70 48.5
 71 42.299999999999997
 72 36
 73 31.699999999999999
 74 29.800000000000001
 75 32.200000000000003
 76 35.5
 77 38.899999999999999
 78 43.200000000000003
 79 46.100000000000001
 80 49
 81 50.399999999999999
 82 50.399999999999999
 83 49
 84 46.600000000000001
 85 46.100000000000001
 86 46.100000000000001
 87 46.799999999999997
 88 46.799999999999997
 89 46.100000000000001
 90 46.100000000000001
 91 44.600000000000001
 92 43.899999999999999
 93 46.100000000000001
 94 47.5
 95 49.700000000000003
 96 52.600000000000001
 97 54
 98 54
 99 51.799999999999997
 100 47.5
 101 44.600000000000001
 102 41.799999999999997
 103 39.600000000000001
 104 38.200000000000003
 105 36.700000000000003
 106 38.200000000000003
 107 38.899999999999999
 108 40.299999999999997
 109 41.799999999999997
 110 40.299999999999997
 111 40.299999999999997
 112 43.200000000000003
 113 46.100000000000001
 114 50.399999999999999
 115 54.700000000000003
 116 59
 117 62.600000000000001
 118 66.200000000000003
 119 69.099999999999994
 120 73.400000000000006
 121 77
 122 79.200000000000003
 123 79.200000000000003
 124 80.599999999999994
 125 79.900000000000006
 126 79.200000000000003
 127 77.799999999999997
 128 77.799999999999997
 129 77
 130 78.5
 131 79.200000000000003
 132 81.400000000000006
 133 82.099999999999994
 134 83.5
 135 84.200000000000003
 136 84.200000000000003
 137 81.400000000000006
 138 79.900000000000006
 139 78.5
 140 77.799999999999997
 141 79.900000000000006
 142 81.400000000000006
 143 83.5
 144 86.400000000000006
 145 87.799999999999997
 146 90
 147 92.200000000000003
 148 94.299999999999997
 149 95.799999999999997
 150 97.900000000000006
 151 99.400000000000006
 152 101.5
 153 103
 154 103
 155 101.5
 156 97.200000000000003
 157 94.299999999999997
 158 92.900000000000006
 159 91.400000000000006
 160 92.200000000000003
 161 93.599999999999994
 162 95
 163 96.5
 164 97.900000000000006
 165 97.900000000000006
 166 98.599999999999994
 167 100.8
 168 100.8
 169 102.2
 170 102.2
 171 103
 172 103.7
 173 104.8
 174 104.8
 175 104.8
 176 104.8
 177 104.8
 178 105.8
 179 107.2
 180 107.7
 181 108.7
 182 109.2
 183 110.2
 184 110.2
 185 110.7
 186 110.2
 187 110.2
 188 110.2
 189 110.2
 190 110.7
 191 110.7
 192 110.7
 193 111.2
 194 111.2
 195 111.2
 196 111.7
 197 112.2
 198 113.2
 199 113.2
 200 114.2
 201 114.2
 202 114.7
 203 115.09999999999999
 204 114.7
 205 114.7
 206 114.7
 207 114.2
 208 114.2
 209 113.7
 210 113.7
 211 113.2
 212 112.7
 213 112.7
 214 112.2
 215 112.7
 216 111.7
 217 111.7
 218 111.7
 219 110.7
 220 110.2
 221 109.7
 222 109.2
 223 108.7
 224 108.2
 225 107.7
 226 107.2
 227 107.2
 228 106.7
 229 106.7
 230 106.7
 231 106.3
 232 106.3
 233 106.3
 234 106.3
 235 107.7
 236 109.2
 237 111.7
 238 113.2
 239 115.59999999999999
 240 117.59999999999999
 241 120.09999999999999
 242 122.09999999999999
 243 123.5
 244 124.5
 245 125.5
 246 126
 247 127
 248 127
 249 128
 250 128
 251 128
 252 128
 253 128
 254 128.5
 255 128.5
 256 128.5
 257 128.5
 258 128.5
 259 128.5
 260 126
 261 123.09999999999999
 262 121.09999999999999
 263 120.59999999999999
 264 120.09999999999999
 265 119.59999999999999
 266 119.59999999999999
 267 119.59999999999999
 268 119.59999999999999
 269 119.59999999999999
 270 119.59999999999999
 271 120.09999999999999
 272 119.59999999999999
 273 120.59999999999999
 274 120.09999999999999
 275 120.59999999999999
 276 120.09999999999999
 277 119.59999999999999
 278 120.09999999999999
 279 121.09999999999999
 280 122.09999999999999
 281 123.09999999999999
 282 124.09999999999999
 283 125.09999999999999
 284 126.09999999999999
 285 127.09999999999999
 286 128.09999999999999
 287 128.09999999999999
 288 129.09999999999999
 289 130.09999999999999
 290 130.09999999999999
 291 130.59999999999999
 292 131.09999999999999
 293 131.09999999999999
 294 131.09999999999999
 295 131.09999999999999
 296 130.59999999999999
 297 130.59999999999999
 298 130.09999999999999
 299 130.09999999999999
 300 129.59999999999999
 301 129.59999999999999
 302 129.09999999999999
 303 128.59999999999999
 304 129.09999999999999
 305 128.09999999999999
 306 128.09999999999999
 307 127.59999999999999
 308 127.09999999999999
 309 127.09999999999999
 310 126.59999999999999
 311 126.09999999999999
 312 125.59999999999999
 313 125.09999999999999
 314 125.09999999999999
 315 124.09999999999999
 316 123.59999999999999
 317 123.59999999999999
 318 123.09999999999999
 319 122.59999999999999
 320 123.09999999999999
 321 123.59999999999999
 322 123.59999999999999
 323 124.09999999999999
 324 124.09999999999999
 325 124.09999999999999
 326 124.59999999999999
 327 124.59999999999999
 328 124.59999999999999
 329 125.09999999999999
 330 124.59999999999999
 331 125.09999999999999
 332 124.59999999999999
 333 125.09999999999999
 334 125.09999999999999
 335 125.09999999999999
 336 124.59999999999999
 337 123.59999999999999
 338 123.09999999999999
 339 121.59999999999999
 340 120.09999999999999
 341 120.59999999999999
 342 120.59999999999999
 343 121.09999999999999
 344 121.09999999999999
 345 121.59999999999999
 346 121.09999999999999
 347 121.09999999999999
 348 121.59999999999999
 349 122.59999999999999
 350 122.59999999999999
 351 123.59999999999999
 352 124.09999999999999
 353 124.59999999999999
 354 125.09999999999999
 355 125.09999999999999
 356 125.59999999999999
 357 125.59999999999999
 358 125.59999999999999
 359 126.7
 360 126
 361 126
 362 126.7
 363 126
 364 127.40000000000001
 365 126.7
 366 126.7
 367 127.40000000000001
 368 126.7
 369 127.40000000000001
 370 126.7
 371 126.7
 372 127.40000000000001
 373 126.7
 374 126.7
 375 126.7
 376 126.7
 377 126.7
 378 126.7
 379 126
 380 126
 381 126.7
 382 125.3
 383 126
 384 125.3
 385 126
 386 125.3
 387 125.3
 388 126
 389 125.3
 390 126
 391 126
 392 126
 393 126.7
 394 126
 395 126.7
 396 126.7
 397 126.7
 398 127.40000000000001
 399 127.40000000000001
 400 128.19999999999999
 401 128.19999999999999
 402 128.19999999999999
 403 128.90000000000001
 404 128.90000000000001
 405 128.90000000000001
 406 128.90000000000001
 407 128.90000000000001
 408 128.90000000000001
 409 128.90000000000001
 410 128.90000000000001
 411 129.59999999999999
 412 129.59999999999999
 413 128.90000000000001
 414 129.59999999999999
 415 129.59999999999999
 416 129.59999999999999
 417 129.59999999999999
 418 129.59999999999999
 419 129.59999999999999
 420 129.59999999999999
 421 129.59999999999999
 422 129.59999999999999
 423 130.30000000000001
 424 130.30000000000001
 425 130.30000000000001
 426 130.30000000000001
 427 131
 428 131
 429 131
 430 131.80000000000001
 431 131
 432 131.80000000000001
 433 131
 434 131
 435 129.59999999999999
 436 128.90000000000001
 437 127.40000000000001
 438 127.40000000000001
 439 126.7
 440 126
 441 126
 442 125.3
 443 125.3
 444 125.3
 445 124.59999999999999
 446 124.59999999999999
 447 124.59999999999999
 448 124.59999999999999
 449 124.59999999999999
 450 125
 451 125
 452 125.8
 453 125.8
 454 127.3
 455 128
 456 128
 457 127.3
 458 126.5
 459 125.8
 460 125
 461 125
 462 124.3
 463 122.8
 464 121.2
 465 121.2
 466 122
 467 122
 468 122
 469 121.2
 470 119
 471 117.5
 472 116.7
 473 115.2
 474 113
 475 110
 476 103.90000000000001
 477 95.599999999999994
 478 88.099999999999994
 479 84.299999999999997
 480 83.599999999999994
 481 85.099999999999994
 482 88.099999999999994
 483 91.099999999999994
 484 91.900000000000006
 485 93.400000000000006
 486 94.900000000000006
 487 93.400000000000006
 488 94.099999999999994
 489 94.900000000000006
 490 93.400000000000006
 491 94.099999999999994
 492 94.900000000000006
 493 97.099999999999994
 494 98.700000000000003
 495 100.2
 496 100.90000000000001
 497 100.90000000000001
 498 102.40000000000001
 499 103.2
 500 105.40000000000001
 501 106.2
 502 107.7
 503 108.40000000000001
 504 109.2
 505 108.40000000000001
 506 109.2
 507 110
 508 109.2
 509 110.7
 510 110
 511 110
 512 111.5
 513 110.7
 514 108.40000000000001
 515 110
 516 110.7
 517 112.2
 518 114.5
 519 114.5
 520 113
 521 110.7
 522 108.40000000000001
 523 106.2
 524 106.90000000000001
 525 108.40000000000001
 526 109.2
 527 110.7
 528 110.7
 529 112.2
 530 111.5
 531 113
 532 113.7
 533 114.5
 534 115.2
 535 115.2
 536 113.7
 537 112.2
 538 109.2
 539 106.90000000000001
 540 104.7
 541 104.7
 542 107.7
 543 110
 544 111.5
 545 113
 546 114.5
 547 115.2
 548 116.7
 549 117.5
 550 118.2
 551 119
 552 119.7
 553 119.7
 554 118.2
 555 116.7
 556 116
 557 116
 558 115.2
 559 112.2
 560 111.5
 561 110.7
 562 110.7
 563 111.5
 564 111.5
 565 111.5
 566 111.5
 567 111.5
 568 110.7
 569 110.7
 570 111.5
 571 113
 572 113
 573 113
 574 112.2
 575 111.5
 576 110
 577 106.90000000000001
 578 104.7
 579 103.90000000000001
 580 103.2
 581 101.7
 582 99.400000000000006
 583 96.400000000000006
 584 91.099999999999994
 585 83.599999999999994
 586 71.5
 587 62.5
 588 56.5
 589 52.700000000000003
 590 50.5
 591 45.899999999999999
 592 44.399999999999999
 593 42.899999999999999
 594 44.399999999999999
 595 46.700000000000003
 596 51.200000000000003
 597 54.200000000000003
 598 58
 599 62.5
 600 67
 601 70
 602 74.599999999999994
 603 77.599999999999994
 604 82.099999999999994
 605 85.099999999999994
 606 88.099999999999994
 607 91.900000000000006
 608 94.900000000000006
 609 97.099999999999994
 610 100.2
 611 101.7
 612 103.90000000000001
 613 103.90000000000001
 614 105.40000000000001
 615 106.2
 616 107.7
 617 106.90000000000001
 618 104.7
 619 102.40000000000001
 620 99.400000000000006
 621 98.299999999999997
 622 98.299999999999997
 623 98.299999999999997
 624 99.299999999999997
 625 99.299999999999997
 626 100.3
 627 100.8
 628 101.3
 629 101.3
 630 101.8
 631 101.8
 632 102.8
 633 102.8
 634 103.3
 635 103.8
 636 104.3
 637 104.3
 638 105.3
 639 105.3
 640 105.3
 641 105.8
 642 106.3
 643 106.3
 644 106.3
 645 106.7
 646 106.7
 647 106.7
 648 107.2
 649 106.7
 650 106.7
 651 107.2
 652 106.7
 653 107.2
 654 106.7
 655 106.3
 656 106.7
 657 106.3
 658 106.7
 659 106.3
 660 106.3
 661 106.7
 662 106.3
 663 106.3
 664 106.3
 665 106.7
 666 106.3
 667 106.3
 668 107.2
 669 106.7
 670 107.7
 671 107.7
 672 108.2
 673 108.7
 674 109.7
 675 110.2
 676 111.2
 677 111.7
 678 113.2
 679 114.2
 680 115.09999999999999
 681 116.59999999999999
 682 117.59999999999999
 683 118.09999999999999
 684 119.59999999999999
 685 120.09999999999999
 686 121.09999999999999
 687 121.59999999999999
 688 122.09999999999999
 689 123.09999999999999
 690 123.09999999999999
 691 124
 692 124
 693 124.5
 694 124.5
 695 124.5
 696 124.5
 697 125
 698 124.5
 699 124.5
 700 124.5
 701 124.5
 702 124
 703 123.5
 704 123.09999999999999
 705 122.59999999999999
 706 122.09999999999999
 707 122.09999999999999
 708 121.09999999999999
 709 121.09999999999999
 710 121.09999999999999
 711 121.09999999999999
 712 121.09999999999999
 713 121.09999999999999
 714 119.7
 715 119.3
 716 119.59999999999999
 717 120.2
 718 120.7
 719 121.3
 720 121.8
 721 122.5
 722 123.09999999999999
 723 123.5
 724 124
 725 124.2
 726 124.09999999999999
 727 123.59999999999999
 728 123
 729 122.40000000000001
 730 122
 731 122.5
 732 122.90000000000001
 733 122.8
 734 122.3
 735 121.90000000000001
 736 122.2
 737 122.59999999999999
 738 123
 739 123.40000000000001
 740 123.5
 741 123.5
 742 123.7
 743 124.09999999999999
 744 124.90000000000001
 745 125.7
 746 126.40000000000001
 747 127.3
 748 128.19999999999999
 749 128.5
 750 128.90000000000001
 751 129.59999999999999
 752 130.19999999999999
 753 129.80000000000001
 754 129.09999999999999
 755 128.30000000000001
 756 127.90000000000001
 757 128
 758 127.5
 759 126.40000000000001
 760 125.40000000000001
 761 125
 762 125.2
 763 125.40000000000001
 764 124.59999999999999
 765 123.7
 766 123.5
 767 123.7
 768 123.3
 769 122.3
 770 121.3
 771 121.3
 772 121.8
 773 122.2
 774 121.8
 775 121.2
 776 120.3
 777 118.8
 778 117.8
 779 117.5
 780 117.5
 781 117.3
 782 117.5
 783 117.8
 784 119.09999999999999
 785 120.59999999999999
 786 122
 787 123.3
 788 124.5
 789 125.40000000000001
 790 126
 791 126.3
 792 126.3
 793 126.09999999999999
 794 126
 795 126
 796 126.09999999999999
 797 126.3
 798 126.3
 799 125.8
 800 125
 801 124.09999999999999
 802 123.5
 803 123.5
 804 123
 805 122.5
 806 121.90000000000001
 807 118.40000000000001
 808 116.3
 809 115.59999999999999
 810 114.2
 811 114.2
 812 113.5
 813 114.2
 814 113.5
 815 112.8
 816 112.8
 817 113.5
 818 112.09999999999999
 819 112.8
 820 112.8
 821 114.2
 822 114.90000000000001
 823 117
 824 117.7
 825 118.40000000000001
 826 120.5
 827 121.2
 828 121.90000000000001
 829 123.2
 830 123.90000000000001
 831 125.3
 832 126
 833 126.7
 834 128.09999999999999
 835 128.80000000000001
 836 129.5
 837 129.5
 838 128.80000000000001
 839 128.09999999999999
 840 127.40000000000001
 841 125.3
 842 123.90000000000001
 843 122.5
 844 120.5
 845 119.09999999999999
 846 116.3
 847 113.5
 848 111.40000000000001
 849 112.09999999999999
 850 112.8
 851 113.5
 852 114.2
 853 114.90000000000001
 854 117
 855 117
 856 118.40000000000001
 857 118.40000000000001
 858 119.8
 859 120.5
 860 121.2
 861 121.90000000000001
 862 121.90000000000001
 863 123.2
 864 124.59999999999999
 865 125.3
 866 126.7
 867 128.09999999999999
 868 128.80000000000001
 869 130.19999999999999
 870 130.19999999999999
 871 127.40000000000001
 872 125.3
 873 123.2
 874 123.2
 875 123.2
 876 123.90000000000001
 877 123.90000000000001
 878 124.59999999999999
 879 125.3
 880 124.59999999999999
 881 123.90000000000001
 882 121.2
 883 120.5
 884 120.5
 885 120.5
 886 120.5
 887 121.90000000000001
 888 122.5
 889 122.5
 890 123.2
 891 123.90000000000001
 892 123.90000000000001
 893 123.90000000000001
 894 123.90000000000001
 895 123.90000000000001
 896 124.90000000000001
 897 122.5
 898 122
 899 122
 900 120.09999999999999
 901 118.59999999999999
 902 116.7
 903 114.3
 904 112.40000000000001
 905 110
 906 108.5
 907 105.7
 908 104.8
 909 104.8
 910 104.8
 911 104.8
 912 104.8
 913 104.8
 914 99.900000000000006
 915 93.700000000000003
 916 87.900000000000006
 917 86
 918 83.599999999999994
 919 82.099999999999994
 920 82.099999999999994
 921 81.700000000000003
 922 82.099999999999994
 923 82.099999999999994
 924 82.099999999999994
 925 81.700000000000003
 926 83.099999999999994
 927 81.700000000000003
 928 78.799999999999997
 929 77.799999999999997
 930 74.400000000000006
 931 74
 932 73.5
 933 73
 934 72.5
 935 67.700000000000003
 936 59.600000000000001
 937 54.799999999999997
 938 53.299999999999997
 939 52.799999999999997
 940 55.700000000000003
 941 59.100000000000001
 942 60.5
 943 63.899999999999999
 944 67.700000000000003
 945 71.099999999999994
 946 74.900000000000006
 947 77.299999999999997
 948 76.400000000000006
 949 78.799999999999997
 950 79.700000000000003
 951 80.200000000000003
 952 80.700000000000003
 953 80.700000000000003
 954 80.700000000000003
 955 81.200000000000003
 956 82.099999999999994
 957 84.099999999999994
 958 86
 959 87.900000000000006
 960 89.799999999999997
 961 89.299999999999997
 962 89.299999999999997
 963 89.799999999999997
 964 91.299999999999997
 965 93.200000000000003
 966 94.599999999999994
 967 96.099999999999994
 968 95.099999999999994
 969 93.200000000000003
 970 90.799999999999997
 971 87.900000000000006
 972 86
 973 84.099999999999994
 974 82.099999999999994
 975 81.200000000000003
 976 81.200000000000003
 977 80.400000000000006
 978 79.700000000000003
 979 77.400000000000006
 980 76.599999999999994
 981 75.099999999999994
 982 72.799999999999997
 983 69.700000000000003
 984 65.099999999999994
 985 58.200000000000003
 986 46.700000000000003
 987 39.799999999999997
 988 41.399999999999999
 989 43.700000000000003
 990 46.700000000000003
 991 50.600000000000001
 992 53.600000000000001
 993 56.700000000000003
 994 58.200000000000003
 995 59
 996 59
 997 56.700000000000003
 998 53.600000000000001
 999 50.600000000000001
 1000 48.299999999999997
 1001 45.200000000000003
 1002 42.899999999999999
 1003 38.299999999999997
 1004 31.399999999999999
 1005 23.699999999999999
 1006 21.399999999999999
 1007 21.399999999999999
 1008 20.699999999999999
 1009 16.899999999999999
 1010 10
 1011 10
 1012 16.899999999999999
 1013 21.399999999999999
 1014 23.699999999999999
 1015 29.100000000000001
 1016 33.700000000000003
 1017 38.299999999999997
 1018 40.600000000000001
 1019 39.799999999999997
 1020 41.399999999999999
 1021 42.899999999999999
 1022 42.899999999999999
 1023 43.700000000000003
 1024 43.700000000000003
 1025 43.700000000000003
 1026 42.100000000000001
 1027 39.799999999999997
 1028 38.299999999999997
 1029 36
 1030 34.5
 1031 34.5
 1032 36
 1033 39.100000000000001
 1034 40.600000000000001
 1035 43.700000000000003
 1036 45.200000000000003
 1037 46
 1038 47.5
 1039 48.299999999999997
 1040 46.700000000000003
 1041 45.200000000000003
 1042 43.700000000000003
 1043 42.899999999999999
 1044 39.799999999999997
 1045 30.600000000000001
 1046 23
 1047 21.399999999999999
 1048 20.699999999999999
 1049 19.899999999999999
 1050 25.300000000000001
 1051 32.200000000000003
 1052 35.200000000000003
 1053 34.5
 1054 33.700000000000003
 1055 32.200000000000003
 1056 28.300000000000001
 1057 23.699999999999999
 1058 16.899999999999999
 1059 13
 1060 12.300000000000001
 1061 10
 1062 6.9000000000000004
 1063 0.80000000000000004
 1064 0
 1065 0
 1066 0
 1067 0
 1068 0)